50 50
0 -31 44 -89 -102 -5 32 -85 -4 -15 22 -47 -114 -49 7 -52 -108 -11 30 -99 35 -93 2 -73 -104 -13 -104 -63 33 -57 -109 -110 -76 -92 -81 1 -18 5 33 -56 -112 -51 -2 4 -80 -45 33 -112 -114 -86
45 -114 14 17 -30 -37 -98 -8 -42 -1 -57 -16 -23 -25 22 -26 -7 -58 -66 -107 -7 26 -120 -122 -115 -105 18 -41 -55 -109 30 -61 -20 -92 49 -103 42 -46 -64 -28 38 -19 -76 -55 20 -18 -117 6 29 -113
-22 -27 -113 -83 -28 -89 -94 -116 -120 -103 -46 44 30 -29 -17 -119 -102 38 41 3 -35 -14 -114 -59 29 38 45 -30 -44 -85 -53 -16 -74 -19 -79 -64 -120 -3 46 46 -108 -73 15 11 -95 -74 -60 -75 43 -41
-62 -37 -46 -10 -32 -117 39 -115 -62 30 -94 -32 -24 36 13 -24 -27 4 -73 42 -69 -98 -105 -65 -73 -97 26 -13 -82 -31 -93 44 -117 32 -40 -109 0 -33 -86 -24 -81 29 1 -12 5 -2 0 -92 7 -39
-27 -22 -91 7 -59 -80 8 8 -79 -92 -22 -68 48 -101 -122 -19 12 -69 -12 0 -14 -65 34 6 -46 -88 -122 -79 49 -73 -15 6 -59 -32 -9 -32 25 -110 -38 34 -65 -7 15 -80 -100 -47 -56 -92 -99 -49
37 -25 -99 -21 -81 -81 33 -3 -32 6 28 -117 48 -77 -52 -18 -58 -118 -96 -36 -97 -78 -115 -37 -4 -122 -56 46 -48 -32 -18 -82 22 -49 -39 -26 18 -42 -29 -25 13 39 -111 11 -49 -42 -38 43 13 -112
-27 -123 25 -108 -112 -96 -70 -17 -118 34 -83 -39 -49 -108 -7 -2 -93 -123 -109 -100 32 -8 -52 -88 -59 -7 -64 -40 -48 16 -43 -64 16 -19 41 18 -20 -58 -82 -44 -109 -39 48 -123 -123 -14 11 -7 -97 -21
-10 -44 -107 -17 -119 -99 -66 23 -41 -33 -36 -82 -111 14 -8 -36 -123 -17 -114 -2 -103 -1 8 -26 -100 -78 -66 -93 -11 -45 19 -67 -87 21 -110 -41 -70 -1 41 -61 -43 -110 -110 -83 -68 24 -28 -7 -59 -39
-95 -37 20 -42 -97 -43 -109 -95 -79 -51 -23 -123 24 30 -118 -43 -108 38 -21 -13 35 41 37 39 1 30 -87 -59 -65 -28 -79 -47 0 -31 2 -93 -101 -105 -11 -100 49 -22 -55 30 -42 -92 -75 29 -85 4
-63 -85 11 -30 -65 -25 -67 -117 -102 26 -90 -42 -118 -84 -100 27 -55 -52 -58 -111 -53 43 -4 -33 12 12 -73 11 -99 -11 -95 -109 33 -90 -31 -117 -112 -39 46 -24 -36 4 -74 17 -35 -68 -121 4 35 -16
35 -13 40 -39 -98 43 -73 -8 -4 23 -68 1 6 -16 -33 -99 -63 -102 22 -102 14 -86 42 -43 48 -37 -32 -115 -67 27 -92 -33 -38 25 -82 46 -91 -47 11 19 31 47 -26 -97 30 -19 23 31 34 -64
-70 29 -96 -1 40 49 40 43 -36 -96 -30 -13 -11 -65 30 -93 30 16 1 -68 -122 -4 -68 -70 42 31 -78 28 35 -43 -105 -78 -63 -21 -95 -103 3 -78 -99 -88 -90 -33 -83 -72 41 36 -36 -82 -32 -32
13 -31 -98 -29 -7 -87 44 12 -20 -113 -77 -97 10 -13 -107 23 17 -47 -13 43 -117 -119 -89 -1 -53 20 -119 -114 -11 -1 14 -109 -59 -36 -97 -25 13 -93 -18 -19 -82 -45 -120 -83 -33 -122 28 -75 12 46
-112 -93 -31 47 -34 -46 1 -7 -55 1 -99 -91 -60 -4 25 24 -9 20 -69 -41 15 -22 -27 22 -46 -58 -15 -24 -52 -48 23 -16 -123 -94 -118 -60 -85 -41 -25 -21 -7 -2 36 -90 -96 -115 -5 12 16 18
-58 3 -42 -97 -108 -4 -58 -71 23 -51 19 -110 -1 13 -98 -21 -33 -89 10 -56 -25 25 -21 -77 -96 -12 -118 -92 -85 15 -16 -37 22 -72 -89 29 -64 45 19 -63 -8 -13 -53 -44 32 -80 -87 -93 -30 17
-30 27 42 -34 42 27 -91 -53 -83 -21 -119 -120 22 -77 18 34 -109 -95 -45 -28 -80 -105 21 -45 -60 -91 14 -13 10 -48 -61 -121 44 -29 25 50 -53 -12 30 -10 -101 -115 -33 11 -47 -69 -19 40 -89 -42
-100 -34 -71 -47 -30 -47 44 43 -117 -95 -102 -43 45 8 23 -13 -50 5 -34 -81 19 -122 -5 -72 -79 -77 -118 -95 -97 -42 -73 8 -20 -90 -105 42 34 -105 -50 -79 -36 -10 23 -54 -54 -117 -2 -48 14 -98
-115 -32 -64 33 8 1 -17 -108 -75 -6 -24 -88 31 -79 -58 -95 6 -122 -64 -58 -23 21 -53 -36 -69 -94 49 4 41 -18 -22 -86 14 -79 -95 -46 15 45 -38 -42 -96 -46 -81 34 -18 36 -100 -104 -26 -84
39 -86 -89 -47 -79 -17 -26 -3 4 -76 44 -84 10 -6 15 42 -11 -4 -52 -81 -69 -23 -74 -42 -88 -16 39 -92 -113 -7 6 -106 -85 -64 10 -25 -110 -82 -120 24 24 -89 -14 -86 -19 -27 -117 -119 -82 -66
27 -25 -37 -20 -103 9 -56 -94 -25 3 -60 -48 -5 -69 -7 -55 7 -65 8 -62 -56 37 -120 -1 -29 46 -51 -117 -101 34 -68 20 -65 27 25 -76 -75 -77 -108 -99 23 7 -95 0 -86 4 -100 -19 23 -107
38 -90 -84 8 13 -26 -93 -51 0 44 -23 12 40 26 -66 -19 45 43 -45 -74 -105 -119 -99 17 34 -32 25 -5 -119 -58 -44 -119 -79 -90 -91 -19 -21 -49 -97 47 -21 -8 -8 25 45 14 -119 -15 50 42
-6 -15 -38 -55 -115 45 -64 -55 -23 -52 -71 3 -72 -94 -117 -74 -102 -16 -13 -80 -110 -40 24 -19 -111 -69 2 -113 15 20 -54 -23 15 -45 -22 -16 44 -56 19 -56 -105 -121 -5 -87 -46 -32 -14 -47 17 -83
-79 -100 44 -77 -23 18 -15 -40 -23 4 -98 15 -10 -32 -68 41 20 30 -51 -77 21 -26 -42 28 -92 -12 23 -76 34 -68 -85 -110 -121 -41 -71 32 23 -106 43 -89 -19 -15 -24 -39 13 -109 -58 14 -38 -5
-14 32 -121 -56 18 1 -34 19 -13 -89 11 9 -80 47 -48 -39 49 47 -56 49 -23 0 -118 -45 -44 -22 -53 -51 11 -11 -112 -109 41 -31 34 -100 -27 -112 -104 -46 -73 -119 16 -59 -67 -34 -53 36 -14 -9
-88 -26 -41 -15 -84 -29 -45 10 -116 -11 18 -117 10 -42 42 -42 29 12 -51 -103 -71 -49 -98 -83 36 -37 -61 -94 -116 47 -38 -53 42 -76 -82 -112 0 -62 40 -38 -106 10 -85 -32 37 43 -2 -55 -42 -94
-100 -114 -96 40 4 46 -108 -18 -59 -121 -58 -83 -106 -51 -59 -113 22 41 -18 -22 -30 36 14 28 26 -55 -103 -79 35 -75 15 -59 -92 -75 -37 9 -50 35 -37 -118 -64 -51 -10 -65 21 30 -2 41 -88 26
-7 14 10 -49 -122 -47 -103 31 -83 -31 -59 -20 -104 -42 -102 -16 9 -79 -78 -57 -62 -70 -46 -63 -8 -68 43 4 -6 -97 10 -1 -21 36 -98 -8 44 50 33 -60 -17 -97 -21 -11 -46 -117 -55 -106 14 -76
-70 -17 -46 21 19 -98 30 4 -109 -46 43 46 35 -68 -31 1 -25 -3 -103 28 -90 -123 -110 30 8 -66 -72 -35 37 -52 -80 -18 37 -120 -86 46 -18 -72 -54 0 17 -34 -109 31 -8 -61 -104 -5 -33 16
-14 40 -80 -107 -15 34 -108 30 -77 -46 22 7 -10 8 -123 -32 -113 9 -26 -1 -22 -11 -99 -43 -82 44 -89 32 -98 -29 -119 -50 -111 -11 -119 36 -120 24 -74 -19 15 41 -20 -80 33 -45 -54 -87 -57 48
-34 2 -89 45 -123 5 -106 -49 -104 -110 15 -31 -34 -33 -28 -90 -106 -54 -43 -114 -56 33 13 -103 -113 20 -64 -48 -119 -65 -101 49 -98 -20 21 -60 -103 -116 -115 47 -69 46 8 47 -7 38 -92 -84 -11 39
-115 -1 41 -100 -52 -62 26 -96 -22 -43 -56 -51 48 -47 43 17 -94 -27 31 40 17 -57 -46 -103 -46 -47 -21 31 -12 25 -106 5 -19 33 -102 -65 -80 -78 9 -31 -117 22 50 42 -2 -19 7 -72 -88 -97
-19 -73 15 36 -88 -20 -16 -45 -58 -123 -106 21 8 22 1 -85 -5 11 -49 39 -62 -77 -97 -67 23 -103 43 -121 -95 -4 -9 -28 -101 -56 2 -104 -24 41 -48 -3 23 -49 -7 -123 -66 -88 -100 -18 13 -59
-78 -11 11 -123 -80 -18 -54 -32 -41 -101 -88 -71 49 -11 -90 40 18 32 -63 -77 26 -57 34 11 9 -20 -52 -117 24 -51 -84 -122 -21 -35 -75 -10 -96 49 4 -119 8 -96 -54 -73 -58 -55 -114 -1 -40 -14
-113 -41 20 41 4 -97 -7 -89 -104 46 -87 33 -112 -30 18 -93 -76 12 -108 -33 -104 -45 -46 -17 37 -105 -63 -106 7 -58 -48 -1 12 -43 -89 11 -90 -115 -103 -68 -111 -37 -111 -20 21 -111 -38 -101 -103 45
-49 22 -87 -94 4 35 38 -101 -120 16 40 -23 40 -32 -120 16 -59 -29 42 0 -25 28 26 -117 1 31 -87 -86 -84 -50 -60 -39 -13 -117 -112 44 -70 46 39 -30 -66 -6 1 19 -1 26 46 -54 17 -16
20 -16 -20 -82 -52 12 -11 -39 -4 35 18 -41 16 -107 -35 6 6 -75 -113 23 -15 45 32 -10 -46 -73 38 -102 -109 47 -91 -51 16 -35 -76 -45 -48 -18 15 -34 -34 -81 -90 -55 25 -23 -57 -92 -111 -87
-29 -44 -93 -121 -11 -107 25 -75 -90 -114 -105 49 4 -98 -92 -110 -9 1 11 -21 -61 -91 -70 -33 -54 -119 37 -83 -47 -122 -23 -112 -101 -98 26 -80 -110 -37 23 -96 -69 -19 39 -28 -13 -85 25 -77 -105 9
19 -97 -83 -30 -87 27 16 -8 -33 -121 -100 -85 -32 38 -30 -116 -66 -50 -122 17 -30 38 -37 44 27 -82 -71 -17 -78 32 -63 5 -61 5 -100 -7 -20 -51 -56 -84 -100 -3 -116 37 -85 8 39 -28 -2 29
-56 33 43 -91 -65 -36 3 -34 32 -89 -7 -2 27 48 -84 -78 21 -122 -43 -45 -19 23 -114 -118 -18 -100 -30 -120 -20 -60 -54 35 5 -52 -5 9 -90 3 -12 -55 -30 -36 25 31 25 -53 -81 -9 -67 20
11 18 -103 -42 4 36 28 -25 -99 49 -18 2 -56 -94 -5 -15 -81 -48 -35 -16 -82 -107 8 43 27 47 -14 20 -24 -83 22 42 -61 -36 35 -12 -9 11 11 2 26 9 -120 -111 31 -106 -37 -50 36 -1
-43 -100 -93 43 -123 44 -20 -61 37 -13 19 17 -52 42 -2 -92 -71 -115 -37 -56 16 -114 -41 50 -106 9 16 -62 -122 5 -95 -16 36 15 13 -57 -78 20 -111 -73 -12 0 -35 50 -71 -5 -35 -72 -87 -29
2 -67 27 -52 25 41 -107 30 -99 -49 11 -23 36 -54 44 -52 -29 -43 -5 -72 28 -74 48 4 -85 4 -43 -121 -85 -66 37 -109 -77 -63 -85 26 -51 40 -69 -87 48 -54 -58 -86 19 37 12 -108 -96 -66
35 -20 -12 -75 48 -38 -57 -116 34 35 33 30 -9 -46 -99 37 35 -24 35 -79 -3 -81 -76 -59 -39 -26 -6 -60 -73 -106 -116 -14 -68 36 -53 25 -31 15 -30 -28 31 34 -26 43 8 -52 -34 -3 -14 -8
-45 -57 -1 26 -69 22 9 19 -74 -64 -40 -2 10 -35 -59 14 2 19 -96 -116 -53 -21 -110 40 -49 -33 29 -17 -114 11 30 48 -110 -123 -82 -100 47 -38 -61 11 8 -60 -4 -23 -4 -30 -87 14 -109 -79
-62 -10 1 -109 -33 33 -15 -81 -41 -11 41 -98 -36 -119 19 18 32 -55 -42 50 -54 -72 -117 7 -106 38 -52 40 41 -45 -39 -85 -19 -72 -20 -71 41 16 -28 -117 -96 3 -95 -12 -94 21 8 -73 -52 -34
-8 -117 -80 -34 -32 -75 19 -75 -71 -35 -7 19 -117 32 42 -89 17 -57 -102 -56 -26 4 -95 -65 -38 -68 -81 -24 -65 -48 -21 -8 -45 3 -59 -58 -54 -15 45 -74 -29 50 -86 -2 -81 -114 -97 -54 -70 -107
37 -106 7 42 -95 -52 17 -59 -46 -4 23 -30 -19 -88 -87 -114 42 50 -60 47 38 7 -42 19 -39 37 0 -49 41 5 -93 -49 -104 -26 -83 -102 -15 34 -58 -85 -86 -106 42 -37 -95 -14 34 -100 -86 23
-121 -64 22 -91 -62 -98 23 -23 -103 -3 29 28 -36 11 -98 -32 -35 -84 -11 9 2 36 -52 49 -109 -73 -115 36 3 -4 -25 -47 1 -104 35 -90 -54 -18 -22 21 -50 -28 -108 -52 -34 -122 -31 31 -2 13
-27 28 -82 -26 -49 28 49 -104 -76 -22 -83 -68 -85 -122 24 -104 -57 -100 -107 -53 -90 -93 -4 -57 39 -112 33 -119 -116 27 -112 -21 -67 36 -89 -8 21 -119 -123 3 48 -24 -88 -31 -51 -19 -81 45 -21 -11
-1 -79 4 -1 32 37 -17 33 25 -75 -70 22 33 -93 20 -9 -63 -83 -88 40 -103 -54 45 -20 43 50 -93 -72 -2 -97 -96 25 -59 -26 -53 -41 -82 17 -14 31 48 -1 -98 9 6 -58 -75 -119 -12 0
